0.0 0.0 0.0 0.0 0.0 0.0 0.0 0.0 0.0 0.0 0.0 0.0 0.0 0.0 0.0 0.0054943758055770167 0.0054943758055770167 0.0054943758055770167 0.0054943758055770167 0.0054943758055770167 0.0 0.0 0.0 0.0 0.0 0.0 0.0 0.0 0.0 0.0 0.0 0.0 0.0 0.0 0.0 0.0 0.0 0.0 0.0 0.0 0.0 0.0 0.0 0.0 0.0 0.0 0.0 0.0 0.0 0.0 
0.0 0.0 0.0 0.0 0.0 0.0 0.0 0.0 0.0 0.0 0.0 0.0 0.0 0.0 0.0 0.0054943758055770167 0.0082415637083655246 0.0082415637083655246 0.0082415637083655246 0.0082415637083655246 0.0027471879027885083 0.0 0.0 0.0 0.0 0.0 0.0 0.0 0.0 0.0 0.0 0.0 0.0 0.0 0.0 0.0 0.0 0.0 0.0 0.0 0.0 0.0 0.0 0.0 0.0 0.0 0.0 0.0 0.0 0.0 
0.0 0.0 0.0 0.0 0.0 0.0 0.0 0.0 0.0 0.0 0.0 0.0 0.00020340689932476128 0.00020340689932476128 0.00020340689932476128 0.0056977827049017778 0.0084449706076902865 0.013735939513942542 0.013735939513942542 0.013735939513942542 0.0082415637083655246 0.0054943758055770167 0.0 0.0 0.0 0.0 0.0 0.0 0.0 0.0 0.0 0.0 0.0 0.0 0.0 0.0 0.0 0.0010467295394497593 0.0010467295394497593 0.0010467295394497593 0.0010467295394497593 0.0010467295394497593 0.0 0.0 0.0 0.0 0.0 0.0 0.0 0.0 
0.0 0.0 0.0 0.0 0.0 0.0 0.0 0.0 0.0 0.0 0.0 0.0 0.00020340689932476128 0.00040681379864952256 0.00040681379864952256 0.0059011896042265389 0.0086483775070150468 0.013939346413267304 0.016483127416731049 0.016483127416731049 0.010988751611154033 0.0082415637083655246 0.0027471879027885083 0.0 0.0 0.0 0.0 0.0 0.0 0.0 0.0 0.0 0.0 0.0 0.0 0.0 0.0 0.0010467295394497593 0.0020934590788995186 0.0020934590788995186 0.0020934590788995186 0.0020934590788995186 0.0010467295394497593 0.0 0.0 0.0 0.0 0.0 0.0 0.0 
0.0 0.0 0.0 0.0 0.0 0.0 0.0 0.0 0.0 0.00020340689932476128 0.00020340689932476128 0.00020340689932476128 0.00040681379864952256 0.00061022069797428381 0.0061045965035512999 0.011598972309128317 0.014346160211916826 0.019637129118169082 0.022180910121632827 0.016483127416731049 0.010988751611154033 0.0082415637083655246 0.0027471879027885083 0.0 0.0 0.0 0.0 0.0 0.0 0.0 0.0 0.0 0.0 0.0 0.0 0.0 0.0 0.0010467295394497593 0.0020934590788995186 0.0041869181577990373 0.0041869181577990373 0.0041869181577990373 0.003140188618349278 0.0020934590788995186 -0.013359978865572681 -0.013359978865572681 -0.013359978865572681 -0.013359978865572681 -0.013359978865572681 0.0 
0.0 0.0 0.0 0.0 0.0 0.0 0.0 0.0 0.0 0.00020340689932476128 0.00061022069797428381 0.00061022069797428381 0.00081362759729904511 0.0010170344966238063 0.0065114103022008221 0.0061045965035512999 0.0088517844063398087 0.014142753312592064 0.016686534316055813 0.010988751611154033 0.010988751611154033 0.0082415637083655246 0.0027471879027885083 0.0 0.0 0.0 0.0 0.0 0.0 0.0 0.0 0.0 0.0 0.0 0.0 0.0020934590788995186 0.0020934590788995186 0.003140188618349278 0.0041869181577990373 0.006280377236698555 -0.0091730607077736455 -0.0091730607077736455 -0.010219790247223404 -0.011266519786673163 -0.026719957731145362 -0.013359978865572681 -0.013359978865572681 -0.013359978865572681 -0.013359978865572681 0.0 
0.0 0.0 0.0 0.0 0.0 0.0 0.0 0.0 0.0 0.00020340689932476128 0.00061022069797428381 0.00081362759729904511 0.0010170344966238063 0.0012204413959485676 0.0067148172015255832 0.006308003402876061 0.0061045965035512999 0.011395565409803556 0.013939346413267304 0.0082415637083655246 0.0082415637083655246 0.0082415637083655246 0.0027471879027885083 0.0 0.0 0.0 0.0 0.0 0.0 0.0 0.0 0.0 0.0 0.0 0.0 0.0020934590788995186 0.003140188618349278 0.0041869181577990373 0.0052336476972487962 0.0073271067761483139 -0.0081263311683238866 -0.015853050140559988 -0.016899779680009747 -0.017946509219459506 -0.033399947163931701 -0.020039968298359023 -0.013359978865572681 -0.013359978865572681 -0.013359978865572681 0.0 
0.0 0.0 0.0 0.0 0.0 0.0 0.0 0.0 0.0 0.00020340689932476128 0.00061022069797428381 0.00081362759729904511 0.0010170344966238063 0.0012204413959485676 0.0067148172015255832 0.006308003402876061 0.0061045965035512999 0.0059011896042265389 0.0084449706076902865 0.0027471879027885083 0.0027471879027885083 0.0027471879027885083 0.0027471879027885083 0.0 0.0 0.0 0.0 0.0 0.0 0.0 0.0 0.0 0.0 0.0 0.0 0.0020934590788995186 0.003140188618349278 0.0041869181577990373 0.0052336476972487962 0.0073271067761483139 -0.0081263311683238866 -0.015853050140559988 -0.030259758545582424 -0.031306488085032183 -0.046759926029504378 -0.033399947163931701 -0.026719957731145362 -0.013359978865572681 -0.013359978865572681 0.0 
0.0 0.0 0.0 0.0 0.0 0.0 0.0 0.0 0.0 0.00020340689932476128 0.00061022069797428381 0.00081362759729904511 0.0010170344966238063 0.0010170344966238063 0.0065114103022008221 0.0061045965035512999 0.0059011896042265389 0.0056977827049017778 0.0056977827049017778 0.0 0.0 0.0 0.0 0.0 0.0 0.0 0.0 0.0 0.0 0.0 0.0 0.0 0.0 0.0 0.0 0.0020934590788995186 0.003140188618349278 0.0041869181577990373 0.0041869181577990373 0.006280377236698555 -0.0091730607077736455 -0.016899779680009747 -0.031306488085032183 -0.037986477517818522 -0.053439915462290717 -0.04007993659671804 -0.033399947163931701 -0.020039968298359023 -0.013359978865572681 0.0 
0.0 0.0 0.0 0.0 0.0 0.0 0.0 0.0 0.0 0.0 0.00040681379864952256 0.00061022069797428381 0.00081362759729904511 0.00081362759729904511 0.00081362759729904511 0.00040681379864952256 0.00020340689932476128 0.0 0.0 0.0 0.0 0.0 0.0 0.0 0.0 0.0 0.0 0.0 0.0 0.0 0.0 0.0 0.0 0.0 0.0 0.0020934590788995186 0.003140188618349278 0.0041869181577990373 0.0041869181577990373 0.0041869181577990373 -0.011266519786673163 -0.018993238758909264 -0.033399947163931701 -0.04007993659671804 -0.04007993659671804 -0.026719957731145362 -0.020039968298359023 -0.0066799894327863405 0.0 0.0 
0.0 0.0 0.0 0.0 0.0 0.0 0.0 0.0 0.0 0.0 0.0 0.00020340689932476128 0.00040681379864952256 0.00040681379864952256 0.00040681379864952256 0.00040681379864952256 0.00020340689932476128 0.0 0.0 0.0 0.0 0.0 0.0 0.0 0.0 0.0 0.0 0.0 0.0 0.0 0.0 0.0 0.0 0.0 0.0 0.0 0.0010467295394497593 0.0020934590788995186 0.0020934590788995186 0.0020934590788995186 0.0020934590788995186 -0.0056332598933365816 -0.020039968298359023 -0.026719957731145362 -0.026719957731145362 -0.026719957731145362 -0.020039968298359023 -0.0066799894327863405 0.0 0.0 
0.0 0.0 0.0 0.0 0.0 0.0 0.0 0.0 0.0 0.0 0.0 0.0 0.00020340689932476128 0.00020340689932476128 0.00020340689932476128 0.00020340689932476128 0.00020340689932476128 0.0 0.0 0.0 0.0 0.0 0.0 0.0 0.0 0.0 0.0 0.0 0.0 0.0 0.0 0.0 0.0 0.0 0.0 0.0 0.0 0.0010467295394497593 0.0010467295394497593 0.0010467295394497593 0.0010467295394497593 0.0010467295394497593 -0.013359978865572681 -0.020039968298359023 -0.020039968298359023 -0.020039968298359023 -0.020039968298359023 -0.0066799894327863405 0.0 0.0 
0.0 0.0 0.0 0.0 0.0 0.0 0.0 0.0 0.0 0.0 0.0 0.0 0.0 0.0 0.0 0.0 0.0 0.0 0.0 0.0 0.0 0.0 0.0 0.0 0.0 0.0 0.0 0.0 0.0 0.0 0.0 0.0 0.0 0.0 0.0 0.0 0.0 0.0 0.0 0.0 0.0 0.0 0.0 -0.0066799894327863405 -0.0066799894327863405 -0.0066799894327863405 -0.0066799894327863405 -0.0066799894327863405 0.0 0.0 
0.0 0.0 0.0 0.0 0.0 0.0 0.0 0.0 0.0 0.0 0.0 0.0 0.0 0.0 0.0 0.0 0.0 0.0 0.0 0.0 0.0 0.0 0.0 0.0 0.0 0.0 0.0 0.0 0.0 0.0 0.0 0.0 0.0 0.0 0.0 0.0 0.0 0.0 -0.0013237098964388437 -0.0013237098964388437 -0.0013237098964388437 -0.0013237098964388437 -0.0013237098964388437 0.0 0.0 0.0 0.0 0.0 0.0 0.0 
0.0 0.0 0.0 0.0 0.0 0.0 0.0 0.0 0.0 0.0 0.0 0.0 0.0 0.0 0.0 0.0 0.0 0.0 0.0 0.0 0.0 0.0 0.0 0.0 0.0 0.0 0.0 0.0 0.0 0.0 0.0 0.0 0.0 0.0 0.0099149765299384324 0.0099149765299384324 0.0099149765299384324 0.0099149765299384324 0.008591266633499588 -0.0039711296893165313 -0.0039711296893165313 -0.0039711296893165313 -0.0039711296893165313 -0.0026474197928776874 0.0 0.0 0.0 0.0 0.0 0.0 
0.0 0.0 0.0 0.0 0.0 0.0 0.0 0.0 0.0 0.0 0.0 0.0 0.0 0.0 0.0 0.0 0.0 0.0 0.0 0.0 0.0 0.0 0.0 0.0 0.0 0.012724968891074589 0.012724968891074589 0.012724968891074589 0.012724968891074589 0.012724968891074589 0.0049574882649692162 0.0049574882649692162 0.0049574882649692162 0.0049574882649692162 0.014872464794907649 0.014872464794907649 0.014872464794907649 0.014872464794907649 0.013548754898468804 0.00098635857565268557 -0.0066185494821942182 -0.0066185494821942182 -0.0066185494821942182 -0.0052948395857553747 -0.0026474197928776874 0.0 0.0 0.0 0.0 0.0 
0.0 0.0 0.0 0.0 0.0 0.0 0.0 0.0 0.0 0.0 0.0 0.0 0.0 0.0 0.0 0.0 0.0 0.0 0.0 0.0 0.0 0.0 0.0 0.0 0.0 0.012724968891074589 0.019087453336611881 0.019087453336611881 0.019087453336611881 0.019087453336611881 0.011319972710506511 0.0099149765299384324 0.0099149765299384324 0.0099149765299384324 0.019829953059876865 0.019829953059876865 0.013548754898468804 0.013548754898468804 0.01222504500202996 -0.00033735132078615811 -0.0079422593786330625 -0.0066185494821942182 -0.0066185494821942182 -0.0052948395857553747 -0.0026474197928776874 0.0 0.0 0.0 0.0 0.0 
0.0 0.0 0.0 0.0 0.0 0.0 0.0 0.0 0.0 0.0 0.0 0.0 0.0 0.0 0.0 0.0 0.0 0.0 0.0 0.0 0.0 0.0 0.0 0.0 0.0 0.012724968891074589 0.019087453336611881 0.031812422227686474 0.031812422227686474 0.031812422227686474 0.024044941601581098 0.022639945421013021 0.019829953059876865 0.019829953059876865 0.029744929589815297 0.029744929589815297 0.023463731428407238 0.010901335105591116 0.0095776252091522712 -0.0029847711136638455 -0.010589679171510751 -0.0092659692750719069 -0.0066185494821942182 -0.0052948395857553747 -0.0026474197928776874 0.0 0.0 0.0 0.0 0.0 
0.0 0.0 0.0 0.0 0.0 0.0 0.0 0.0 0.0 0.0 0.0 0.0 0.0 0.0 0.0 0.0 0.0 0.0 0.0 0.0 0.0 0.0 0.0 0.0063624844455372944 0.0063624844455372944 0.019087453336611881 0.025449937782149178 0.03817490667322377 0.031812422227686474 0.031812422227686474 0.024044941601581098 0.022639945421013021 0.019829953059876865 0.024787441324846081 0.034702417854784513 0.034702417854784513 0.028421219693376455 0.015858823370560337 0.010901335105591116 -0.0016610612172250018 -0.0092659692750719069 -0.0079422593786330625 -0.0052948395857553747 -0.0052948395857553747 -0.0026474197928776874 0.0 0.0 0.0 0.0 0.0 
0.0 0.0 0.0 0.0 0.0 0.0 0.0 0.0 0.0 0.0 0.0 0.0 0.0 0.0 0.0 0.0 0.0 0.0 0.0 0.0 0.0 0.0 0.0 0.0063624844455372944 0.019087453336611881 0.031812422227686474 0.03817490667322377 0.050899875564298362 0.044537391118761066 0.031812422227686474 0.024044941601581098 0.022639945421013021 0.019829953059876865 0.024787441324846081 0.024787441324846081 0.024787441324846081 0.018506243163438022 0.0059438468406219011 0.00098635857565268557 0.00098635857565268557 -0.0066185494821942182 -0.0052948395857553747 -0.0026474197928776874 -0.0026474197928776874 -0.0026474197928776874 0.0 0.0 0.0 0.0 0.0 
0.0 0.0 0.0 0.0 0.0 0.0 0.0 0.0 0.0 0.0 0.0 0.0 0.0 0.0 0.0 0.0 0.0 0.0 0.0 0.0 0.0 0.0 0.0 0.0063624844455372944 0.019087453336611881 0.019087453336611881 0.025449937782149178 0.03817490667322377 0.031812422227686474 0.019087453336611881 0.019087453336611881 0.017682457156043805 0.014872464794907649 0.019829953059876865 0.019829953059876865 0.019829953059876865 0.013548754898468804 0.00098635857565268557 -0.0039711296893165313 -0.0039711296893165313 -0.0039711296893165313 -0.0026474197928776874 0.0 0.0 0.0 0.0 0.0 0.0 0.0 0.0 
0.0 0.0 0.0 0.0 0.0 0.0 0.0 0.0 0.0 0.0 0.0 0.0 0.0 0.0 0.0 0.0 0.0 0.0 0.0 0.0 0.0 0.00085624232002088046 0.00085624232002088046 0.007218726765558175 0.019943695656632763 0.019943695656632763 0.019087453336611881 0.031812422227686474 0.025449937782149178 0.012724968891074589 0.012724968891074589 0.012724968891074589 0.0099149765299384324 0.014872464794907649 0.014872464794907649 0.014872464794907649 0.014872464794907649 0.0023100684720915293 -0.0026474197928776874 -0.0026474197928776874 -0.0026474197928776874 -0.0026474197928776874 0.0 0.0 0.0 0.0 0.0 0.0 0.0 0.0 
0.0 0.0 0.0 0.0 0.0 0.0 0.0 0.0 0.0 0.0 0.0 0.0 -0.0013180627929929908 -0.0013180627929929908 -0.0013180627929929908 -0.0013180627929929908 -0.0013180627929929908 0.0 0.0 0.0 0.0 0.00085624232002088046 0.0025687269600626413 0.0089312114055999352 0.021656180296674526 0.021656180296674526 0.020799937976653644 0.01651349210467121 0.010151007659133918 -0.0025739612319406711 -0.0025739612319406711 -0.0025739612319406711 0.0 0.0049574882649692162 0.0049574882649692162 0.0049574882649692162 0.0049574882649692162 0.0049574882649692162 0.0 0.0 0.0 0.0 0.0 0.0 0.0 0.0 0.0 0.0 0.0 0.0 
0.0 0.0 0.0 0.0 0.0 0.0 0.0 0.0 0.0 0.0 0.0 0.0 -0.0013180627929929908 -0.0026361255859859815 -0.0026361255859859815 -0.0026361255859859815 -0.0026361255859859815 -0.0013180627929929908 0.0 0.0 0.0 0.00085624232002088046 0.0025687269600626413 0.0034249692800835218 0.016149938171158108 0.016149938171158108 0.015293695851137228 0.011007249979154797 0.0075770464271932465 -0.0051479224638813423 -0.0051479224638813423 -0.0051479224638813423 -0.0025739612319406711 0.0 0.0 0.0 0.0 0.0 0.0 0.0 0.0 0.0 0.0 0.0 0.0 0.0 0.0 0.0 0.0 0.0 
0.0 0.0 0.0 0.0 0.0 0.0 0.0 0.0 0.0 -0.0026361255859859815 -0.0026361255859859815 -0.0026361255859859815 -0.0039541883789789723 -0.0052722511719719631 -0.0026361255859859815 -0.0026361255859859815 -0.0026361255859859815 -0.0013180627929929908 0.0 0.0 0.0 0.00085624232002088046 0.0025687269600626413 0.0034249692800835218 -0.0016713778146306424 -0.0016713778146306424 -0.002527620134651523 -0.0068140660066339552 -0.010244269558595507 -0.0077218836958220134 -0.0077218836958220134 -0.0077218836958220134 -0.0051479224638813423 -0.0025739612319406711 0.0 0.0 0.0 0.0 0.0 0.0 0.0 0.0 0.0 0.0 0.0 0.0 0.0 0.0 0.0 0.0 
0.0 0.0 0.0 0.0 0.0 0.0 0.0 0.0 0.0 -0.0026361255859859815 -0.0052722511719719631 -0.0052722511719719631 -0.0065903139649649538 -0.0079083767579579446 -0.0052722511719719631 -0.0026361255859859815 -0.0026361255859859815 -0.0013180627929929908 0.0 0.0 -0.0025223858627734935 -0.001666143542752613 4.6341097289147965e-05 0.00090258341731002843 -0.0041937636774041368 -0.011054170781327243 -0.011910413101348123 -0.016196858973330553 -0.019627062525292106 -0.017104676662518609 -0.0077218836958220134 -0.0077218836958220134 -0.0051479224638813423 -0.0025739612319406711 0.0 0.0 0.0 0.0 0.0 0.0 0.0 0.0 0.0 0.0 0.0 0.0 0.0 0.0 0.0 0.0 
0.0 0.0 0.0 0.0 0.0 0.0 0.0 0.0 0.0 -0.0026361255859859815 -0.0052722511719719631 -0.0065903139649649538 -0.0079083767579579446 -0.0092264395509509354 -0.0065903139649649538 -0.0039541883789789723 -0.0026361255859859815 -0.0013180627929929908 0.0 0.0 -0.0025223858627734935 -0.0067572563655887482 -0.0050447717255469871 -0.0041885294055261065 -0.009284876500240272 -0.016145283604163375 -0.014484374333288794 -0.018770820205271224 -0.022201023757232777 -0.01967863789445928 -0.010295844927762685 -0.0077218836958220134 -0.0051479224638813423 -0.0025739612319406711 0.0 0.0 0.00013646694640133793 0.00013646694640133793 0.00013646694640133793 0.00013646694640133793 0.00013646694640133793 0.0 0.0 0.0 0.0 0.0 0.0 0.0 0.0 0.0 
0.0 0.0 0.0 0.0 0.0 0.0 0.0 0.0 0.0 -0.0026361255859859815 -0.0052722511719719631 -0.0065903139649649538 -0.0079083767579579446 -0.0092264395509509354 -0.0065903139649649538 -0.0039541883789789723 -0.0026361255859859815 -0.0013180627929929908 0.0 0.0 -0.0025223858627734935 -0.0067572563655887482 -0.015226997371219258 -0.014370755051198376 -0.019467102145912542 -0.026327509249835651 -0.024666599978961066 -0.018770820205271224 -0.022201023757232777 -0.01967863789445928 -0.010295844927762685 -0.0077218836958220134 -0.0051479224638813423 -0.0025739612319406711 0.0 0.0 0.00013646694640133793 0.00040940083920401377 0.00040940083920401377 0.00040940083920401377 0.00040940083920401377 0.00027293389280267586 0.0 0.0 0.0 0.0 0.0 0.0 0.0 0.0 
0.0 0.0 0.0 0.0 0.0 0.0 0.0 0.0 0.0 -0.0026361255859859815 -0.0052722511719719631 -0.0065903139649649538 -0.0079083767579579446 -0.0079083767579579446 -0.0052722511719719631 -0.0026361255859859815 -0.0013180627929929908 0.0 0.0 0.0 -0.0025223858627734935 -0.0067572563655887482 -0.015226997371219258 -0.019461867874034512 -0.02455821496874868 -0.031418622072671785 -0.0297577128017972 -0.023861933028107359 -0.019627062525292106 -0.017104676662518609 -0.0077218836958220134 -0.0051479224638813423 -0.0025739612319406711 -0.0024374942855393332 0.00013646694640133793 0.00013646694640133793 0.00027293389280267586 0.00054586778560535172 0.00040940083920401377 0.00040940083920401377 0.00040940083920401377 0.00027293389280267586 0.0 0.0 0.0 0.0 0.0 0.0 0.0 0.0 
0.0 0.0 0.0 0.0 0.0 0.0 0.0 0.0 0.0 0.0 -0.0026361255859859815 -0.0039541883789789723 -0.0052722511719719631 -0.0052722511719719631 -0.0052722511719719631 -0.0026361255859859815 -0.0013180627929929908 0.0 0.0 0.0 -0.0025223858627734935 -0.0067572563655887482 -0.015226997371219258 -0.019461867874034512 -0.023696738376849769 -0.030557145480772874 -0.028896236209898288 -0.023000456436208447 -0.018765585933393194 -0.014530715430577939 -0.0051479224638813423 -0.0025739612319406711 0.0 0.00013646694640133793 0.00040940083920401377 0.00040940083920401377 0.00054586778560535172 0.00081880167840802764 0.00068233473200668968 0.00040940083920401377 0.00040940083920401377 0.00027293389280267586 0.0 0.0 0.0 0.0 0.0 0.0 0.0 0.0 
0.0 0.0 0.0 0.0 0.0 0.0 0.0 0.0 0.0 0.0 0.0 -0.0013180627929929908 -0.0026361255859859815 -0.0026361255859859815 -0.0026361255859859815 -0.0026361255859859815 -0.0013180627929929908 0.0 0.0 0.0 0.0 -0.0042348705028152547 -0.012704611508445764 -0.016939482011261019 -0.021174352514076275 -0.021174352514076275 -0.01951344324320169 -0.013617663469511852 -0.0093827929666965969 -0.0051479224638813423 -0.0051479224638813423 -0.0025739612319406711 0.0 0.00013646694640133793 0.00040940083920401377 0.00068233473200668968 0.00081880167840802764 0.0010917355712107034 0.0009552686248093656 0.00068233473200668968 0.00040940083920401377 0.00027293389280267586 0.0 0.0 0.0 0.0 0.0 0.0 0.0 0.0 
0.0 0.0 0.0 0.0 0.0 0.0 0.0 0.0 0.0 0.0 0.0 0.0 -0.0013180627929929908 -0.0013180627929929908 -0.0013180627929929908 -0.0013180627929929908 -0.0013180627929929908 0.0 0.0 0.0 0.0 0.0 -0.0084697410056305093 -0.012704611508445764 -0.016939482011261019 -0.016939482011261019 -0.016939482011261019 -0.01104370223757118 -0.0068088317347559258 -0.0025739612319406711 -0.0025739612319406711 -0.0025739612319406711 0.0 0.00013646694640133793 0.00040940083920401377 0.00068233473200668968 0.00068233473200668968 0.0009552686248093656 0.00081880167840802764 0.00054586778560535172 0.00027293389280267586 0.00027293389280267586 0.0 0.0 0.0 0.0 0.0 0.0 0.0 0.0 
0.0 0.0 0.0 0.0 0.0 0.0 0.0 0.0 0.0 0.0 0.0 0.0 0.0 0.0 0.0 0.0 0.0 0.0 0.0 0.0 0.0 0.0 0.0 -0.0042348705028152547 -0.0084697410056305093 -0.0084697410056305093 -0.0084697410056305093 -0.0084697410056305093 -0.0042348705028152547 0.0 0.0 0.0 0.0 0.00013646694640133793 0.00040940083920401377 0.00068233473200668968 0.00068233473200668968 0.00068233473200668968 0.00054586778560535172 0.00027293389280267586 0.0 0.0 0.0 0.0 0.0 0.0 0.0 0.0 0.0 0.0 
0.0 0.0 0.0 0.0 0.0 0.0 0.0 0.0 0.0 0.0 0.0 0.0 0.0 0.0 0.0 0.0 0.0 0.0 0.0 0.0 0.0 0.0 0.0 0.0 -0.0042348705028152547 -0.0042348705028152547 -0.0042348705028152547 -0.0042348705028152547 -0.0042348705028152547 0.0 0.0 0.0 0.0 0.0 0.00027293389280267586 0.00054586778560535172 0.00054586778560535172 0.00054586778560535172 0.00054586778560535172 0.00027293389280267586 0.0 0.0 0.0 0.0 0.0 0.0 0.0 0.0 0.0 0.0 
0.0 0.0 0.0 0.0 0.0 0.0 0.0 0.0 0.0 0.0 0.0 0.0 0.0 0.0 0.0 0.0 0.0 0.0 0.0 0.0 0.0 0.0 0.0 0.0 0.0 0.0 0.0 0.0 0.0 0.0 0.0 0.0 0.0 0.0 -0.0052063751897889685 -0.0049334412969862925 -0.0049334412969862925 -0.0049334412969862925 -0.0049334412969862925 0.00027293389280267586 0.0 0.0 0.0 0.0 0.0 0.0 0.0 0.0 0.0 0.0 
0.0 0.0 0.0 0.0 0.0 0.0 0.0 0.0 0.0 0.0 0.0 0.0 0.0 0.0 0.0 0.0 0.0 0.0 0.0 0.0 0.0 0.0 0.0 0.0 0.0 0.0 0.0 0.0 0.0 0.0 0.0 0.0 0.0 0.0 -0.0052063751897889685 -0.010412750379577937 -0.010412750379577937 -0.010412750379577937 -0.010412750379577937 -0.0052063751897889685 0.0 0.0 0.0 0.0 0.0 0.0 0.0 0.0 0.0 0.0 
0.0 0.0 0.0 0.0 0.0 0.0 0.0 0.0 0.0 0.0 0.0 0.0 0.0 0.0 0.0 0.0 0.0 0.0 0.0 0.0 0.0 0.0 0.0 0.0 0.0 0.0 0.0 0.0 0.0 0.0 0.0 0.0 0.0 0.0 -0.0052063751897889685 -0.010412750379577937 -0.013015937974472421 -0.013015937974472421 -0.013015937974472421 -0.0078095627846834527 -0.0026031875948944842 0.0 0.0 0.0 0.0 0.0 0.0 0.0 0.0 0.0 
0.0 0.0 0.0 0.0 0.0 0.0 0.0 0.0 0.0 0.0 0.0 0.0 0.0 0.0 0.0 0.0 0.0 0.0 0.0 0.0 0.0 0.0 0.0 0.0 0.0 0.0 0.0 0.0 0.0 0.0 0.0 0.0 -0.0026031875948944842 -0.0026031875948944842 -0.0078095627846834527 -0.013015937974472421 -0.015619125569366905 -0.015619125569366905 -0.015619125569366905 -0.010412750379577937 -0.0052063751897889685 -0.0026031875948944842 0.0 0.0 0.0 0.0 0.0 0.0 0.0 0.0 
0.0 0.0 0.0 0.0 0.0 0.0 0.0 0.0 0.0 0.0 0.0 0.0 0.0 0.0 0.0 0.0 0.0 0.0 0.0 0.0 0.0 0.0 0.0 0.0 0.0 0.0 0.0 0.0 0.0 0.0 0.0 0.0 -0.0026031875948944842 -0.0052063751897889685 -0.010412750379577937 -0.015619125569366905 -0.01822231316426139 -0.01822231316426139 -0.015619125569366905 -0.010412750379577937 -0.0052063751897889685 -0.0026031875948944842 0.0 0.0 0.0 0.0 0.0 0.0 0.0 0.0 
0.0 0.0 0.0 0.0 0.0 0.0 0.0 0.0 0.0 0.0 0.0 0.0 0.0 0.0 0.0 0.0 0.0 0.0 0.0 0.0 0.0 0.0 0.0 0.0 0.0 0.0 0.0 0.0 0.0 0.0 0.0 0.0 -0.0026031875948944842 -0.0052063751897889685 -0.0052063751897889685 -0.010412750379577937 -0.013015937974472421 -0.013015937974472421 -0.010412750379577937 -0.010412750379577937 -0.0052063751897889685 -0.0026031875948944842 0.0 0.0 0.0 0.0 0.0 0.0 0.0 0.0 
0.0 0.0 0.0 0.0 0.0 0.0 0.0 0.0 0.0 0.0 -0.0017595167802561399 -0.0017595167802561399 -0.0017595167802561399 -0.0017595167802561399 -0.0017595167802561399 0.0 0.0 0.0 0.0 0.0 0.0 0.0 0.0 0.0 0.0 0.0 0.0 0.0 0.0 0.0 0.0 0.0 -0.0026031875948944842 -0.0052063751897889685 -0.0052063751897889685 -0.0052063751897889685 -0.0078095627846834527 -0.0078095627846834527 -0.0052063751897889685 -0.0052063751897889685 -0.0052063751897889685 -0.0026031875948944842 0.0 0.0 0.0 0.0 0.0 0.0 0.0 0.0 
0.0 0.0 0.0 0.0 0.0 0.0 0.0 0.0 0.0 0.0 -0.0017595167802561399 -0.0035190335605122798 -0.0035190335605122798 -0.0035190335605122798 -0.0035190335605122798 -0.0017595167802561399 0.0 0.0 0.0 0.0 0.0 0.0 0.0 0.0 0.0 0.0 0.0 0.0 0.0 0.0 0.0 0.0 -0.0026031875948944842 -0.0052063751897889685 -0.0052063751897889685 -0.0052063751897889685 -0.0052063751897889685 -0.0052063751897889685 -0.0026031875948944842 -0.0026031875948944842 -0.0026031875948944842 -0.0026031875948944842 0.0 0.0 0.0 0.0 0.0 0.0 0.0 0.0 
0.0 0.0 0.0053425215976725306 0.0053425215976725306 0.0053425215976725306 0.0053425215976725306 0.0053425215976725306 0.0 0.0 0.0 -0.0017595167802561399 -0.0035190335605122798 -0.0070380671210245596 -0.0070380671210245596 -0.0070380671210245596 -0.0052785503407684195 -0.0035190335605122798 0.0 0.0 0.0 0.0 0.0 -0.0035887761931885508 -0.0035887761931885508 -0.0035887761931885508 -0.0035887761931885508 -0.0035887761931885508 -0.0035887761931885508 -0.0035887761931885508 -0.0035887761931885508 -0.0035887761931885508 -0.0035887761931885508 0.0 -0.0026031875948944842 -0.0026031875948944842 -0.0026031875948944842 -0.0026031875948944842 -0.0026031875948944842 0.0 0.0 0.0 0.0 0.0 0.0 0.0 0.0 0.0 0.0 0.0 0.0 
0.0 0.0 0.0053425215976725306 0.010685043195345061 0.010685043195345061 0.010685043195345061 0.010685043195345061 0.0053425215976725306 0.0 0.0 -0.0017595167802561399 -0.0035190335605122798 -0.0070380671210245596 -0.0087975839012806988 -0.0087975839012806988 -0.0070380671210245596 -0.0052785503407684195 -0.0017595167802561399 0.0 0.0 0.0 0.0 -0.0035887761931885508 -0.0071775523863771016 -0.0071775523863771016 -0.0071775523863771016 -0.0071775523863771016 -0.0071775523863771016 -0.0035887761931885508 -0.0035887761931885508 -0.0035887761931885508 -0.0035887761931885508 0.0 0.0 0.0 0.0 0.0 0.0 0.0001209850835276509 0.0001209850835276509 0.0001209850835276509 0.0001209850835276509 0.0001209850835276509 0.0 0.0 0.0 0.0 0.0 0.0 0.0 
0.0053425215976725306 0.0053425215976725306 0.010685043195345061 0.01602756479301759 0.01602756479301759 0.01602756479301759 0.01602756479301759 0.010685043195345061 0.0053425215976725306 -0.0017595167802561399 -0.0035190335605122798 -0.0052785503407684195 -0.0087975839012806988 -0.010557100681536839 -0.010557100681536839 -0.0087975839012806988 -0.0070380671210245596 -0.0035190335605122798 -0.0017595167802561399 0.0 0.0 0.0 -0.0035887761931885508 -0.0071775523863771016 -0.014355104772754203 -0.014355104772754203 -0.014355104772754203 -0.014355104772754203 -0.010766328579565653 -0.0035887761931885508 -0.0035887761931885508 -0.0035887761931885508 0.0 0.0 0.0001209850835276509 0.0001209850835276509 0.0001209850835276509 0.0001209850835276509 0.00024197016705530179 0.00024197016705530179 0.00024197016705530179 0.00024197016705530179 0.00024197016705530179 0.0001209850835276509 0.0 0.0 0.0 0.0 0.0 0.0 
0.01602756479301759 0.01602756479301759 0.021370086390690123 0.026712607988362655 0.026712607988362655 0.017386124344937755 0.017386124344937755 0.012043602747265224 0.0067010811495926935 -0.00040095722833597748 -0.0022151319143865686 -0.0039746486946427087 -0.0074936822551549889 -0.009253199035411129 -0.009253199035411129 -0.010606066627316481 -0.0088465498470603407 -0.0053275162865480613 -0.0035679995062919212 -0.0018084827260357811 0.0 0.0 -0.0035887761931885508 -0.0071775523863771016 -0.014355104772754203 -0.021532657159131306 -0.021532657159131306 -0.021532657159131306 -0.017943880965942755 -0.010766328579565653 -0.0035887761931885508 -0.0035887761931885508 0.0 0.0 0.0001209850835276509 0.0003629552505829527 0.0003629552505829527 0.0003629552505829527 0.00048394033411060358 0.00048394033411060358 0.00024197016705530179 0.00024197016705530179 0.00024197016705530179 0.0001209850835276509 0.0 0.0 0.0 0.0 0.0 0.0 
0.01602756479301759 0.022728645942610284 0.028071167540282816 0.033413689137955352 0.033413689137955352 0.024087205494530448 0.017386124344937755 0.012043602747265224 0.0067010811495926935 -0.00040095722833597748 -0.0022151319143865686 -0.0015631810913237128 -0.005082214651835993 -0.0068417314320921331 -0.0068417314320921331 -0.0081945990239974849 -0.010655032573096121 -0.0071359990125838425 -0.0053764822323277024 -0.0036169654520715622 -0.0018084827260357811 0.0 -0.0035887761931885508 -0.0071775523863771016 -0.014355104772754203 -0.021532657159131306 -0.025121433352319856 -0.025121433352319856 -0.021532657159131306 -0.014355104772754203 -0.0071775523863771016 -0.0035887761931885508 0.0 0.0 0.0001209850835276509 0.0003629552505829527 0.00048394033411060358 0.00048394033411060358 0.00060492541763825446 0.00060492541763825446 0.0003629552505829527 0.00024197016705530179 0.00024197016705530179 0.0001209850835276509 0.0 0.0 0.0 0.0 0.0 0.0 
0.01602756479301759 0.022728645942610284 0.030788286644123138 0.036130808241795667 0.036130808241795667 0.026804324598370774 0.02010324344877808 0.012043602747265224 0.0067010811495926935 -0.00040095722833597748 -0.0022151319143865686 -0.0015631810913237128 -0.00025927944519800136 -0.0020187962254541413 -0.0020187962254541413 -0.0033716638173594939 -0.0058320973664581308 -0.010752964464655405 -0.0089934476843992646 -0.0072339309041431245 -0.0054254481781073434 -0.0036169654520715622 0.0 -0.0035887761931885508 -0.010766328579565653 -0.017943880965942755 -0.021532657159131306 -0.021532657159131306 -0.017943880965942755 -0.010766328579565653 -0.0035887761931885508 0.0 0.0 0.0 0.0001209850835276509 0.0003629552505829527 0.00048394033411060358 0.0007259105011659054 0.00084689558469355634 0.00084689558469355634 0.00060492541763825446 0.00048394033411060358 0.00024197016705530179 0.0001209850835276509 0.0 0.0 0.0 0.0 0.0 0.0 
0.01602756479301759 0.022728645942610284 0.030788286644123138 0.032146846196043299 0.032146846196043299 0.022820362552618406 0.016119281403025713 0.0080596407015128563 0.0073530319726555493 0.00025099359472687823 -0.0015631810913237128 -0.00091123026826085707 0.00039267137786485435 -0.0020677621712337823 -0.0020677621712337823 -0.0034206297631391349 -0.0058810633122377718 -0.010801930410435045 -0.0089934476843992646 -0.0072339309041431245 -0.0054254481781073434 -0.0036169654520715622 0.0 0.0 -0.0071775523863771016 -0.014355104772754203 -0.017943880965942755 -0.017943880965942755 -0.017943880965942755 -0.010766328579565653 -0.0035887761931885508 0.0 0.0 0.0 0.0001209850835276509 0.0003629552505829527 0.00048394033411060358 0.0007259105011659054 0.0007259105011659054 0.0007259105011659054 0.00048394033411060358 0.0003629552505829527 0.0001209850835276509 0.0001209850835276509 0.0 0.0 0.0 0.0 0.0 0.0 
0.010685043195345061 0.017386124344937755 0.025445765046450613 0.026804324598370774 0.0295214437022111 0.0201949600587862 0.013493878909193506 0.0054342382076806497 0.0047276294788233426 0.0033144120211087299 0.0015002373350581385 0.0021521881581209944 0.003456089804246706 0.00099565625514806883 -0.0039252108430492044 -0.005278078434954557 -0.007738511984053194 -0.012659379082250465 -0.010850896356214685 -0.0072339309041431245 -0.0054254481781073434 -0.0036169654520715622 0.0 0.0 0.0 -0.0071775523863771016 -0.010766328579565653 -0.010766328579565653 -0.010766328579565653 -0.010766328579565653 -0.0035887761931885508 0.0 0.0 0.0 0.0 0.00024197016705530179 0.0003629552505829527 0.00060492541763825446 0.00060492541763825446 0.00060492541763825446 0.0003629552505829527 0.00024197016705530179 0.0 0.0 0.0 0.0 0.0 0.0 0.0 0.0 
